"LOG_DATE","URGENT_COUNT","HIGH_COUNT","MEDIUM_COUNT","LOW_COUNT","AVG_CHURN_RISK","LTV_AT_RISK"
"2026-09-20",175,45,199,581,0.3992,1990299.68
"2026-09-20",175,45,199,581,0.3992,1990299.68
"2026-09-19",175,45,199,581,0.3989,1983858.63
"2026-09-19",175,45,199,581,0.3989,1983858.63
"2026-09-18",175,45,199,581,0.3989,1983858.63
"2026-09-16",175,45,199,581,0.3995,1986020.38
"2026-09-16",175,45,199,581,0.3995,1986020.38
"2026-09-15",175,45,199,581,0.3998,1988930.96
"2026-09-14",175,45,199,581,0.3998,1988930.96
"2026-09-13",175,45,199,581,0.4001,1988930.96
"2026-09-12",175,45,199,581,0.4001,1988930.96
"2026-09-11",175,45,199,581,0.3999,1960184.74
"2026-09-11",175,45,199,581,0.3999,1960184.74
"2026-09-08",189,44,193,574,0.4291,1766078.27
"2026-09-07",190,44,193,573,0.4293,1778252.42
"2026-09-05",190,44,193,573,0.4294,1778252.42
"2026-09-04",190,44,193,573,0.4295,1778252.42
"2026-09-04",190,44,193,573,0.4295,1778252.42
"2026-09-02",190,44,193,573,0.4296,1778252.42
"2026-09-02",190,44,193,573,0.4296,1778252.42
"2026-09-01",190,44,193,573,0.4296,1745175.79
"2026-09-01",190,44,193,573,0.4296,1745175.79
"2026-08-30",190,44,193,573,0.4298,1740731.56
"2026-08-29",190,44,193,573,0.4298,1740731.56
"2026-08-28",190,44,193,573,0.43,1752170.17
"2026-08-28",190,44,193,573,0.43,1752170.17
"2026-08-29",190,44,193,573,0.4298,1740731.56
"2026-08-30",190,44,193,573,0.4298,1740731.56
"2026-08-31",190,44,193,573,0.4298,1745175.79
"2026-08-31",190,44,193,573,0.4298,1745175.79
"2026-09-03",190,44,193,573,0.4295,1778252.42
"2026-09-03",190,44,193,573,0.4295,1778252.42
"2026-09-05",190,44,193,573,0.4294,1778252.42
"2026-09-06",190,44,193,573,0.4293,1778252.42
"2026-09-06",190,44,193,573,0.4293,1778252.42
"2026-09-07",190,44,193,573,0.4293,1778252.42
"2026-09-08",189,44,193,574,0.4291,1766078.27
"2026-09-12",175,45,199,581,0.4001,1988930.96
"2026-09-13",175,45,199,581,0.4001,1988930.96
"2026-09-14",175,45,199,581,0.3998,1988930.96
"2026-09-15",175,45,199,581,0.3998,1988930.96
"2026-09-17",175,45,199,581,0.3993,1984641.26
"2026-09-17",175,45,199,581,0.3993,1984641.26
"2026-09-18",175,45,199,581,0.3989,1983858.63
